116056	out11254-3.fasta	0.251504	0.252566	0.251268	0.251976	0.252448	0.252212	0.255161	0.254217	0.254217	0.256459	0.254217	0.256105	0.252802
1160968	out8210-1.fasta	0.243119	0.242894	0.243023	0.243633	0.243666	0.243698	0.244373	0.243987	0.243987	0.244502	0.243987	0.244502	0.243698
1161132	out6679-1.fasta	0.256630	0.257854	0.258262	0.258942	0.258942	0.259078	0.262614	0.261118	0.261118	0.264518	0.261118	0.264518	0.259078
11612	out11723-3.fasta	0.239008	0.239904	0.240562	0.241458	0.241517	0.241517	0.242772	0.242234	0.242234	0.242593	0.242234	0.242593	0.241458
1161901	out8252-1.fasta	0.247668	0.245336	0.245117	0.245457	0.245481	0.245481	0.245992	0.245724	0.245724	0.246890	0.245724	0.246890	0.245311
1161903	out8188-1.fasta	0.243168	0.238961	0.238934	0.239233	0.239260	0.239287	0.239992	0.239450	0.239450	0.240264	0.239450	0.240264	0.239070
1161906	out8184-1.fasta	0.247961	0.246264	0.246294	0.246949	0.247038	0.247038	0.247604	0.247336	0.247336	0.248140	0.247336	0.248080	0.246740
1161927	out8258-1.fasta	0.245461	0.242185	0.242110	0.241048	0.241080	0.241073	0.241073	0.241094	0.241101	0.241286	0.241101	0.241279	0.240263
1161928	out1273-1.fasta	0.249823	0.246038	0.245999	0.245658	0.245737	0.245711	0.245972	0.245842	0.245842	0.246287	0.245842	0.246352	0.245593
1161930	out8187-1.fasta	0.245143	0.243464	0.243502	0.243998	0.244036	0.244075	0.244838	0.244342	0.244342	0.245792	0.244342	0.245792	0.243846
1161931	out7893-1.fasta	0.245709	0.241631	0.241616	0.241631	0.241674	0.241674	0.242049	0.241876	0.241876	0.242308	0.241876	0.242294	0.241112
1161933	out1345-1.fasta	0.240341	0.236877	0.236975	0.236662	0.236681	0.236681	0.237210	0.236838	0.236838	0.237210	0.236838	0.237210	0.235703
1161934	out1347-1.fasta	0.244357	0.241655	0.241695	0.241794	0.241814	0.241814	0.242331	0.241993	0.241993	0.242391	0.241993	0.242391	0.241159
1161935	out8004-1.fasta	0.248836	0.247054	0.247176	0.247742	0.247783	0.247783	0.248208	0.247985	0.247985	0.248411	0.247985	0.248390	0.247580
1161939	out6640-1.fasta	0.240596	0.240541	0.240875	0.241209	0.241209	0.241264	0.242488	0.241821	0.241821	0.243156	0.241821	0.243156	0.240986
11620	out11547-2.fasta	0.248759	0.250819	0.251194	0.252411	0.252504	0.252504	0.254939	0.254002	0.254002	0.254845	0.254002	0.254845	0.252317
1162083	out8312-1.fasta	0.262948	0.266667	0.268260	0.268260	0.268260	0.268260	0.275432	0.272510	0.272510	0.279947	0.272510	0.279947	0.268260
1162280	out7844-2.fasta	0.258624	0.260697	0.261640	0.261828	0.261828	0.261828	0.266541	0.264656	0.264656	0.269934	0.264656	0.269934	0.261640
1162290	out7086-1.fasta	0.249131	0.246525	0.246511	0.246419	0.246452	0.246452	0.246604	0.246525	0.246531	0.246821	0.246531	0.246814	0.246011
1162295	out8250-1.fasta	0.249054	0.246428	0.246401	0.246361	0.246394	0.246394	0.246542	0.246475	0.246468	0.246702	0.246468	0.246696	0.245885
11623	out11972-2.fasta	0.249304	0.251392	0.252088	0.253381	0.253481	0.253481	0.255967	0.254972	0.254972	0.255768	0.254972	0.255768	0.253381
1162304	out8253-1.fasta	0.241344	0.240474	0.240691	0.241126	0.241181	0.241235	0.242159	0.241670	0.241670	0.243409	0.241670	0.243409	0.240909
1162305	out8229-1.fasta	0.241042	0.240151	0.240318	0.240819	0.240875	0.240930	0.241876	0.241375	0.241375	0.243156	0.241375	0.243156	0.240596
1162306	out8230-1.fasta	0.241066	0.240347	0.240403	0.241011	0.241122	0.241122	0.242062	0.241620	0.241620	0.243334	0.241620	0.243334	0.240790
1162393	out1120-3.fasta	0.251770	0.252918	0.253300	0.253874	0.254065	0.253970	0.256266	0.255405	0.255405	0.257318	0.255405	0.257318	0.254065
1162557	out2237-1.fasta	0.266328	0.271412	0.273758	0.273367	0.273367	0.273367	0.283926	0.280016	0.280016	0.290184	0.280016	0.290184	0.273758
11628	out10795-2.fasta	0.248613	0.250682	0.251340	0.252562	0.252656	0.252656	0.255007	0.254161	0.254161	0.255007	0.254161	0.255007	0.252468
11631	out11891-2.fasta	0.249383	0.251376	0.252041	0.252990	0.253085	0.253085	0.255459	0.254699	0.254699	0.255838	0.254699	0.255838	0.252990
1163482	out8003-1.fasta	0.250997	0.249558	0.249487	0.249935	0.249959	0.249982	0.250525	0.250218	0.250218	0.250926	0.250218	0.250926	0.249817
1163537	out8211-1.fasta	0.257128	0.258442	0.258967	0.259624	0.259624	0.259624	0.262909	0.261464	0.261464	0.264880	0.261464	0.264880	0.259624
11636	out10382-1.fasta	0.247860	0.247378	0.248704	0.249668	0.250030	0.250030	0.252441	0.251838	0.251838	0.254370	0.251838	0.254250	0.250151
1163701	out2275-1.fasta	0.252693	0.254340	0.255101	0.255734	0.255734	0.255861	0.258903	0.257635	0.257509	0.260297	0.257509	0.260297	0.255861
1163703	out7007-1.fasta	0.256997	0.257935	0.259006	0.259542	0.259542	0.259676	0.263024	0.261551	0.261551	0.264631	0.261551	0.264631	0.259542
1163708	out6999-1.fasta	0.255788	0.257580	0.258407	0.259096	0.259096	0.259096	0.262541	0.261439	0.261439	0.264195	0.261439	0.264195	0.258958
1163709	out2285-1.fasta	0.253225	0.255220	0.256550	0.256816	0.256816	0.256816	0.260274	0.258944	0.258944	0.261737	0.258944	0.261737	0.256816
1163715	out8218-1.fasta	0.269182	0.274269	0.276812	0.276812	0.276812	0.276812	0.288258	0.283595	0.283595	0.295040	0.283595	0.295040	0.276812
11642	out11814-1.fasta	0.225351	0.223841	0.225125	0.226030	0.226408	0.226257	0.227616	0.227163	0.227163	0.228295	0.227163	0.227918	0.226408
1165134	out8294-1.fasta	0.240143	0.238909	0.238601	0.239248	0.239341	0.239341	0.239989	0.239588	0.239588	0.240698	0.239588	0.240668	0.239125
1165135	out8295-1.fasta	0.240777	0.239549	0.239365	0.239918	0.239979	0.239979	0.240501	0.240163	0.240163	0.241268	0.240163	0.241268	0.239795
1165136	out8298-1.fasta	0.241514	0.240265	0.240296	0.240671	0.240702	0.240733	0.241389	0.240952	0.240952	0.242201	0.240952	0.242201	0.240483
1165151	out8297-1.fasta	0.241313	0.240180	0.240212	0.240589	0.240589	0.240621	0.241282	0.240841	0.240841	0.242100	0.240841	0.242100	0.240337
1165160	out8296-1.fasta	0.241107	0.239872	0.239872	0.240242	0.240273	0.240273	0.240921	0.240520	0.240520	0.241786	0.240520	0.241786	0.240026
11657	out12052-1.fasta	0.251710	0.252299	0.253360	0.254539	0.254539	0.254657	0.257722	0.256543	0.256543	0.258901	0.256543	0.258783	0.254539
1165702	out7861-1.fasta	0.237789	0.237366	0.237344	0.237535	0.237556	0.237577	0.238064	0.237747	0.237747	0.238339	0.237747	0.238339	0.237535
1165907	out7110-1.fasta	0.258389	0.260664	0.261611	0.262180	0.262370	0.262370	0.267109	0.265024	0.265024	0.269573	0.265024	0.269573	0.262370
11660	out11897-1.fasta	0.243987	0.243879	0.244749	0.245946	0.246164	0.246164	0.248885	0.248123	0.248123	0.249537	0.248123	0.249537	0.246055
11663	out11929-1.fasta	0.245030	0.244922	0.245570	0.246543	0.246651	0.246651	0.249352	0.248379	0.248379	0.250648	0.248379	0.250540	0.246543
11665	out11570-1.fasta	0.242134	0.242015	0.243450	0.244766	0.245125	0.245005	0.247757	0.247159	0.247159	0.248714	0.247159	0.248355	0.245005
11673	out11912-1.fasta	0.241186	0.240870	0.241820	0.242875	0.243086	0.243086	0.245514	0.244986	0.244986	0.246781	0.244986	0.246570	0.243086
11676	out11565-1.fasta	0.246052	0.246596	0.247794	0.249210	0.249319	0.249319	0.252260	0.251171	0.251280	0.252369	0.251280	0.252369	0.249319
1167690	out7739-1.fasta	0.259936	0.263158	0.264447	0.264232	0.264232	0.264232	0.269817	0.267454	0.267454	0.273255	0.267454	0.273255	0.264447
1167691	out2416-1.fasta	0.260446	0.263260	0.264776	0.264559	0.264559	0.264559	0.270188	0.267807	0.267807	0.273869	0.267807	0.273869	0.264559
1167696	out8128-1.fasta	0.248698	0.250294	0.250966	0.252142	0.252142	0.252142	0.254159	0.253235	0.253235	0.254243	0.253235	0.254243	0.252058
1168280	out8147-1.fasta	0.248061	0.245309	0.245359	0.245960	0.246010	0.246035	0.246585	0.246210	0.246210	0.246710	0.246210	0.246710	0.245785
1168281	out7817-1.fasta	0.248229	0.242283	0.242361	0.242878	0.242930	0.242955	0.243576	0.243188	0.243188	0.243989	0.243188	0.243989	0.242800
1168478	out8185-1.fasta	0.240756	0.239860	0.240000	0.240364	0.240392	0.240420	0.240980	0.240616	0.240616	0.241569	0.240616	0.241569	0.240252
1168479	out8186-1.fasta	0.241221	0.240183	0.240323	0.240660	0.240716	0.240716	0.241305	0.240940	0.240940	0.241894	0.240940	0.241894	0.240660
1168547	out7873-1.fasta	0.281437	0.289222	0.292814	0.292814	0.293413	0.293413	0.308982	0.302395	0.302395	0.318563	0.302395	0.318563	0.293413
1168548	out8197-1.fasta	0.249931	0.248247	0.248272	0.248925	0.248951	0.248976	0.249529	0.249227	0.249227	0.249755	0.249227	0.249755	0.248800
1168549	out8191-1.fasta	0.249735	0.247679	0.247659	0.248310	0.248392	0.248392	0.248880	0.248595	0.248595	0.249043	0.248595	0.249023	0.248229
1168563	out7148-1.fasta	0.241849	0.237972	0.238121	0.238419	0.238449	0.238479	0.239314	0.238777	0.238777	0.239851	0.238777	0.239851	0.238240
1168594	out7067-1.fasta	0.243602	0.241693	0.241729	0.242170	0.242225	0.242225	0.242702	0.242427	0.242427	0.242739	0.242427	0.242739	0.242060
1168595	out7091-1.fasta	0.241953	0.238544	0.238581	0.238693	0.238730	0.238730	0.239252	0.238879	0.238861	0.239494	0.238861	0.239494	0.238283
1168612	out7984-1.fasta	0.238343	0.237772	0.237750	0.238014	0.238058	0.238058	0.238519	0.238299	0.238277	0.238826	0.238277	0.238826	0.237970
1168613	out8260-1.fasta	0.239277	0.238729	0.238684	0.238958	0.239003	0.239026	0.239551	0.239255	0.239232	0.239848	0.239232	0.239848	0.238958
1168744	out7747-1.fasta	0.239010	0.237049	0.236816	0.236959	0.237011	0.237011	0.237184	0.237019	0.237019	0.237364	0.237019	0.237357	0.236989
1169032	out11087-1.fasta	0.256431	0.258336	0.259765	0.259606	0.259606	0.259606	0.263576	0.261829	0.261829	0.266275	0.261829	0.266275	0.259765
136084	out11259-1.fasta	0.248659	0.246077	0.246153	0.246804	0.246829	0.246854	0.247456	0.247180	0.247180	0.247782	0.247180	0.247757	0.240538
1367126	out2213-1.fasta	0.267616	0.271997	0.273823	0.273823	0.273823	0.273823	0.283680	0.280029	0.280029	0.289887	0.280029	0.289887	0.273823
1367203	out7504-1.fasta	0.240036	0.239048	0.238898	0.239176	0.239233	0.239218	0.239389	0.239233	0.239247	0.239112	0.239247	0.239105	0.238913
1367218	out2238-1.fasta	0.273182	0.279091	0.281818	0.281364	0.281364	0.281364	0.293636	0.289091	0.289091	0.300909	0.289091	0.300909	0.281364
1368616	out7502-3.fasta	0.245280	0.246337	0.246942	0.247621	0.247697	0.247697	0.249434	0.248754	0.248754	0.250113	0.248754	0.250113	0.247697
1560282	out6128-1.fasta	0.245034	0.240959	0.240743	0.241635	0.241683	0.241707	0.242237	0.241924	0.241924	0.242261	0.241924	0.242237	0.241610
1560283	out6143-1.fasta	0.244398	0.240456	0.240365	0.240800	0.240869	0.240869	0.241327	0.241052	0.241052	0.241694	0.241052	0.241694	0.240846
1560284	out6153-1.fasta	0.244393	0.240408	0.240275	0.240829	0.240895	0.240895	0.241405	0.241117	0.241117	0.241781	0.241117	0.241781	0.240807
1560285	out5544-1.fasta	0.241528	0.237903	0.237978	0.237601	0.237620	0.237620	0.238092	0.237714	0.237714	0.238299	0.237714	0.238280	0.236770
1560286	out5639-1.fasta	0.237308	0.230939	0.230807	0.229933	0.229982	0.229966	0.230329	0.230065	0.230065	0.230576	0.230065	0.230560	0.229949
1560313	out6108-1.fasta	0.236124	0.234616	0.234470	0.234562	0.234616	0.234601	0.234693	0.234578	0.234609	0.234901	0.234609	0.234932	0.234286
1560342	out6100-1.fasta	0.241428	0.239900	0.239910	0.240185	0.240206	0.240216	0.240409	0.240277	0.240287	0.240562	0.240287	0.240572	0.240012
1560346	out6565-1.fasta	0.248339	0.248400	0.248584	0.249104	0.249135	0.249166	0.249870	0.249564	0.249564	0.249870	0.249564	0.249870	0.248584
1560351	out6689-1.fasta	0.245499	0.246372	0.247245	0.247354	0.247463	0.247463	0.249973	0.248882	0.248882	0.252046	0.248882	0.252046	0.247463
1560514	out6669-1.fasta	0.239961	0.235794	0.235459	0.235261	0.235315	0.235283	0.235172	0.235082	0.235120	0.235513	0.235120	0.235616	0.234890
1561150	out6352-1.fasta	0.249706	0.251012	0.252056	0.252578	0.252578	0.252709	0.255841	0.254275	0.254275	0.257930	0.254275	0.257930	0.252709
1561160	out3008-2.fasta	0.250104	0.250603	0.250686	0.251849	0.252099	0.252099	0.254260	0.253512	0.253512	0.254426	0.253512	0.254509	0.252099
1561171	out6698-1.fasta	0.259109	0.261408	0.262292	0.262469	0.262646	0.262646	0.267068	0.264945	0.264945	0.270074	0.264945	0.270074	0.262646
1561172	out6699-1.fasta	0.267502	0.272292	0.274134	0.274134	0.274134	0.274134	0.283714	0.279661	0.279661	0.289978	0.279661	0.289978	0.274134
1561705	out6498-1.fasta	0.254474	0.257972	0.259617	0.262086	0.262292	0.262292	0.267846	0.265583	0.265583	0.267435	0.265583	0.267435	0.262086
1562038	out6559-1.fasta	0.254345	0.255905	0.256462	0.256907	0.257019	0.257019	0.260027	0.258913	0.258913	0.261252	0.258913	0.261252	0.257019
1562039	out6560-1.fasta	0.253968	0.255019	0.255836	0.256303	0.256303	0.256303	0.259570	0.258403	0.258403	0.260854	0.258403	0.260854	0.256303
1562064	out6562-1.fasta	0.253068	0.254803	0.256003	0.257471	0.257471	0.257604	0.260806	0.259605	0.259605	0.260939	0.259605	0.260939	0.257604
1562065	out6566-1.fasta	0.248329	0.249027	0.249426	0.250125	0.250224	0.250224	0.252918	0.251821	0.251821	0.253716	0.251821	0.253716	0.250125
1562066	out6564-1.fasta	0.245398	0.246630	0.247246	0.248325	0.248402	0.248402	0.250250	0.249557	0.249557	0.250096	0.249557	0.250096	0.248402
1562076	out6166-1.fasta	0.247785	0.241632	0.241709	0.241377	0.241428	0.241428	0.242015	0.241581	0.241581	0.242679	0.241581	0.242679	0.241453
1562379	out6275-1.fasta	0.263877	0.269263	0.271748	0.271748	0.271748	0.271748	0.282519	0.277962	0.277962	0.289561	0.277962	0.289561	0.271748
1562380	out6276-1.fasta	0.255881	0.261246	0.263723	0.263723	0.263723	0.263723	0.274453	0.269913	0.269913	0.281469	0.269913	0.281469	0.263723
1563660	out5749-1.fasta	0.236260	0.235186	0.234958	0.235510	0.235679	0.235657	0.235782	0.235657	0.235671	0.235443	0.235671	0.235392	0.235098
1563661	out6113-1.fasta	0.242982	0.237365	0.237500	0.237270	0.237324	0.237324	0.237622	0.237500	0.237500	0.237920	0.237500	0.237893	0.236323
1564096	out6107-1.fasta	0.248927	0.244912	0.244869	0.244734	0.244764	0.244764	0.244937	0.244857	0.244863	0.245054	0.244863	0.245048	0.244364
1564115	out6403-1.fasta	0.256626	0.258051	0.258763	0.259048	0.259191	0.259191	0.263038	0.261613	0.261613	0.265033	0.261613	0.265033	0.259191
1564120	out1679-3.fasta	0.249215	0.251047	0.251745	0.253315	0.253315	0.253402	0.255670	0.254972	0.254972	0.255059	0.254972	0.255059	0.253227
1564182	out6563-1.fasta	0.252562	0.253151	0.254211	0.255743	0.255743	0.255743	0.258923	0.257628	0.257628	0.259159	0.257628	0.259159	0.255625
1564903	out6545-1.fasta	0.258102	0.260274	0.261276	0.261610	0.261610	0.261610	0.265453	0.263949	0.263949	0.268460	0.263949	0.268460	0.261777
1565088	out5863-1.fasta	0.267533	0.271981	0.274034	0.274034	0.273691	0.273691	0.282928	0.279507	0.279507	0.289087	0.279507	0.289087	0.274034
1565990	out6543-1.fasta	0.257496	0.259059	0.260054	0.260622	0.260622	0.260622	0.264317	0.263038	0.263038	0.266022	0.263038	0.266022	0.260480
1566011	out6431-1.fasta	0.273054	0.279352	0.281152	0.281152	0.281152	0.281152	0.292848	0.288349	0.288349	0.300495	0.288349	0.300495	0.281152
1566298	out5921-1.fasta	0.250813	0.251464	0.252207	0.253322	0.253415	0.253415	0.255645	0.254716	0.254716	0.255924	0.254716	0.255924	0.253415
1566309	out6516-7.fasta	0.250042	0.251045	0.251882	0.252718	0.252801	0.252801	0.254725	0.254056	0.254056	0.255227	0.254056	0.255143	0.252801
1566868	out6433-1.fasta	0.255411	0.257576	0.258575	0.258408	0.258408	0.258408	0.262737	0.260739	0.260739	0.265734	0.260739	0.265734	0.258408
1566869	out6509-1.fasta	0.251630	0.252181	0.252732	0.252916	0.252916	0.252916	0.255304	0.254385	0.254385	0.256957	0.254385	0.256957	0.253008
156690	out11744-1.fasta	0.259000	0.261272	0.262496	0.262845	0.262845	0.262845	0.267214	0.265292	0.265292	0.269661	0.265292	0.269661	0.262670
1566990	out6158-1.fasta	0.244460	0.243809	0.243927	0.244668	0.244697	0.244697	0.245319	0.245023	0.245023	0.245260	0.245023	0.245260	0.244549
1566993	out6331-1.fasta	0.242711	0.236292	0.236110	0.234817	0.234860	0.234860	0.235140	0.235014	0.235000	0.235829	0.235000	0.235815	0.234649
1566995	out6151-1.fasta	0.247118	0.241848	0.241958	0.242204	0.242231	0.242245	0.242628	0.242409	0.242409	0.242998	0.242409	0.242984	0.241711
1567004	out6146-1.fasta	0.249031	0.246722	0.246610	0.246610	0.246655	0.246677	0.247237	0.246901	0.246901	0.247730	0.246901	0.247730	0.246184
1567005	out5615-1.fasta	0.244610	0.242588	0.242534	0.242570	0.242624	0.242606	0.242832	0.242660	0.242669	0.243111	0.242669	0.243111	0.242425
1567006	out6121-1.fasta	0.229566	0.228400	0.228085	0.228427	0.228557	0.228520	0.228575	0.228474	0.228464	0.228631	0.228464	0.228585	0.228372
1567007	out374-1.fasta	0.229639	0.228504	0.228228	0.228578	0.228707	0.228671	0.228707	0.228597	0.228588	0.228772	0.228588	0.228707	0.228486
1567009	out4950-1.fasta	0.228286	0.227754	0.227712	0.228094	0.228137	0.228137	0.228669	0.228350	0.228350	0.228732	0.228350	0.228732	0.228073
1567010	out4947-1.fasta	0.230186	0.229558	0.229584	0.229924	0.229951	0.229951	0.230578	0.230264	0.230264	0.230840	0.230264	0.230840	0.229924
1567011	out5665-1.fasta	0.229140	0.228580	0.228664	0.228944	0.228972	0.229000	0.229617	0.229224	0.229252	0.229925	0.229252	0.229925	0.229000
1567012	out5652-1.fasta	0.230775	0.230205	0.230229	0.230632	0.230656	0.230656	0.231225	0.230964	0.230964	0.231320	0.230964	0.231320	0.230609
1567013	out5664-1.fasta	0.230170	0.229680	0.229707	0.230115	0.230143	0.230143	0.230742	0.230415	0.230415	0.230933	0.230415	0.230933	0.230007
1567014	out5681-1.fasta	0.229129	0.228660	0.228681	0.229044	0.229086	0.229086	0.229619	0.229321	0.229299	0.229683	0.229299	0.229683	0.228980
1567015	out4949-1.fasta	0.228307	0.227775	0.227733	0.228116	0.228158	0.228158	0.228690	0.228371	0.228371	0.228754	0.228371	0.228754	0.228094
1567016	out4951-1.fasta	0.230186	0.229558	0.229584	0.229924	0.229951	0.229977	0.230578	0.230291	0.230264	0.230840	0.230264	0.230840	0.229924
1567022	out6145-1.fasta	0.248721	0.242826	0.242879	0.243714	0.243768	0.243795	0.244414	0.244064	0.244037	0.244818	0.244037	0.244818	0.243418
1567025	out6097-1.fasta	0.242761	0.240213	0.240098	0.240418	0.240510	0.240510	0.240624	0.240441	0.240453	0.240624	0.240453	0.240578	0.240270
1567026	out5548-1.fasta	0.245576	0.242830	0.242572	0.242666	0.242731	0.242713	0.242736	0.242707	0.242707	0.242953	0.242707	0.242977	0.242437
1567027	out5559-1.fasta	0.245362	0.242227	0.242004	0.242157	0.242210	0.242198	0.242268	0.242192	0.242210	0.242268	0.242210	0.242268	0.242004
1567028	out5588-1.fasta	0.245425	0.242375	0.242147	0.242281	0.242346	0.242328	0.242434	0.242340	0.242340	0.242416	0.242340	0.242404	0.242147
1567029	out5619-1.fasta	0.245236	0.242333	0.242146	0.242321	0.242379	0.242368	0.242426	0.242344	0.242356	0.242379	0.242356	0.242385	0.242181
1567404	out6587-9.fasta	0.241476	0.241390	0.241692	0.242037	0.242080	0.242080	0.242943	0.242512	0.242512	0.243591	0.242512	0.243591	0.242167
1567453	out5361-1.fasta	0.249692	0.245718	0.245308	0.246349	0.246444	0.246444	0.247169	0.246791	0.246759	0.247895	0.246759	0.247926	0.246286
1567466	out6308-1.fasta	0.242209	0.238760	0.238780	0.239022	0.239083	0.239083	0.239607	0.239224	0.239204	0.239829	0.239204	0.239829	0.238659
1567468	out5353-1.fasta	0.241591	0.238270	0.238251	0.238406	0.238445	0.238445	0.238930	0.238581	0.238581	0.239241	0.238581	0.239241	0.237979
1567471	out6328-1.fasta	0.235686	0.227817	0.227751	0.226445	0.226494	0.226478	0.226755	0.226560	0.226543	0.227245	0.226543	0.227229	0.226429
1567472	out6330-1.fasta	0.236041	0.228723	0.228744	0.227976	0.228019	0.228019	0.228509	0.228147	0.228147	0.229064	0.228147	0.229064	0.228061
1567473	out6323-1.fasta	0.235213	0.227706	0.227466	0.226108	0.226177	0.226160	0.226452	0.226194	0.226177	0.226710	0.226177	0.226693	0.226143
1567475	out6314-1.fasta	0.239253	0.235510	0.235546	0.235940	0.235958	0.235976	0.236424	0.236083	0.236083	0.236370	0.236083	0.236370	0.235779
1567484	out5352-1.fasta	0.242668	0.239368	0.238680	0.238859	0.239000	0.238953	0.238981	0.238972	0.238897	0.239443	0.238897	0.239481	0.238152
1567485	out5484-1.fasta	0.248762	0.246746	0.246592	0.246849	0.246900	0.246900	0.247207	0.247054	0.247054	0.248078	0.247054	0.248061	0.246661
1567486	out6442-1.fasta	0.248813	0.245072	0.245072	0.246049	0.246133	0.246133	0.246747	0.246412	0.246412	0.246915	0.246412	0.246998	0.245686
1567487	out4945-1.fasta	0.245906	0.244025	0.243172	0.243724	0.243950	0.243899	0.244426	0.244125	0.244125	0.244903	0.244125	0.244903	0.243824
1568973	out6432-1.fasta	0.256591	0.257819	0.258601	0.258937	0.258937	0.258937	0.261506	0.260277	0.260277	0.263070	0.260277	0.263070	0.258825
1568974	out6573-1.fasta	0.266981	0.272085	0.274048	0.274441	0.274048	0.274048	0.285041	0.280722	0.280722	0.291716	0.280722	0.291716	0.274441
1569052	out5375-1.fasta	0.255679	0.256954	0.257881	0.258113	0.258113	0.258113	0.261011	0.259620	0.259620	0.262633	0.259620	0.262633	0.258229
1569053	out5376-1.fasta	0.255606	0.256884	0.258046	0.258278	0.258278	0.258394	0.261067	0.259672	0.259672	0.262693	0.259672	0.262693	0.258394
1569054	out5377-1.fasta	0.256473	0.257750	0.258679	0.259027	0.259027	0.259143	0.261814	0.260536	0.260536	0.263555	0.260536	0.263555	0.259143
1569055	out5378-1.fasta	0.256270	0.257548	0.258477	0.258709	0.258709	0.258825	0.261496	0.260334	0.260334	0.263005	0.260334	0.263005	0.258825
1569056	out5379-1.fasta	0.257260	0.258665	0.259485	0.259719	0.259719	0.259719	0.262529	0.261124	0.261124	0.264286	0.261124	0.264286	0.259836
1569057	out1980-1.fasta	0.253589	0.255840	0.256403	0.257107	0.257107	0.257107	0.260766	0.259358	0.259358	0.262454	0.259358	0.262454	0.257247
1569258	out5856-1.fasta	0.247102	0.248261	0.248974	0.250134	0.250134	0.250223	0.252363	0.251293	0.251382	0.252631	0.251382	0.252541	0.250045
1569922	out979-3.fasta	0.249379	0.251092	0.251948	0.253575	0.253575	0.253575	0.255888	0.255031	0.255031	0.255117	0.255031	0.255117	0.253575
