116056	out11254-3.fasta	0.254453	0.256813	0.256931	0.257166	0.257166	0.257166	0.260234	0.259172	0.259054	0.262003	0.259054	0.261885	0.252802
1160968	out8210-1.fasta	0.243505	0.244469	0.244598	0.245145	0.245145	0.245145	0.245788	0.245370	0.245370	0.245563	0.245370	0.245563	0.243698
1161132	out6679-1.fasta	0.256494	0.259078	0.259622	0.259894	0.260030	0.260030	0.263430	0.261798	0.261798	0.265062	0.261798	0.265062	0.259078
11612	out11723-3.fasta	0.238949	0.239845	0.240562	0.241458	0.241458	0.241517	0.242772	0.242174	0.242174	0.242772	0.242174	0.242772	0.241458
1161901	out8252-1.fasta	0.247692	0.247206	0.247182	0.247352	0.247352	0.247376	0.247862	0.247619	0.247619	0.248445	0.247619	0.248445	0.245311
1161903	out8188-1.fasta	0.243521	0.241675	0.242055	0.242299	0.242326	0.242326	0.243032	0.242543	0.242543	0.243141	0.242543	0.243141	0.239070
1161906	out8184-1.fasta	0.249033	0.248735	0.248913	0.249420	0.249449	0.249449	0.250045	0.249658	0.249658	0.250253	0.249658	0.250253	0.246740
1161927	out8258-1.fasta	0.245685	0.243525	0.243543	0.242652	0.242666	0.242662	0.242744	0.242741	0.242741	0.242399	0.242741	0.242395	0.240263
1161928	out1273-1.fasta	0.250373	0.249168	0.249378	0.249168	0.249168	0.249168	0.249496	0.249325	0.249325	0.249836	0.249325	0.249836	0.245593
1161930	out8187-1.fasta	0.245067	0.244838	0.244991	0.245296	0.245334	0.245334	0.246021	0.245639	0.245639	0.246670	0.245639	0.246670	0.243846
1161931	out7893-1.fasta	0.245896	0.243086	0.243043	0.243389	0.243418	0.243418	0.243749	0.243547	0.243547	0.243591	0.243547	0.243591	0.241112
1161933	out1345-1.fasta	0.240400	0.238619	0.238717	0.238228	0.238228	0.238228	0.238756	0.238404	0.238404	0.238639	0.238404	0.238639	0.235703
1161934	out1347-1.fasta	0.244377	0.243205	0.243265	0.243304	0.243304	0.243304	0.243881	0.243523	0.243523	0.243781	0.243523	0.243781	0.241159
1161935	out8004-1.fasta	0.248978	0.247722	0.247823	0.248390	0.248411	0.248431	0.248876	0.248714	0.248714	0.248876	0.248714	0.248876	0.247580
1161939	out6640-1.fasta	0.240596	0.240930	0.241264	0.241542	0.241598	0.241598	0.242767	0.242099	0.242099	0.243601	0.242099	0.243601	0.240986
11620	out11547-2.fasta	0.248479	0.250445	0.251006	0.252224	0.252224	0.252317	0.254751	0.253909	0.253909	0.254564	0.253909	0.254564	0.252317
1162083	out8312-1.fasta	0.262948	0.266401	0.268260	0.267995	0.267995	0.267995	0.275166	0.272510	0.272510	0.279947	0.272510	0.279947	0.268260
1162280	out7844-2.fasta	0.258624	0.261451	0.261828	0.261828	0.261640	0.261640	0.266541	0.265033	0.265033	0.270123	0.265033	0.270123	0.261640
1162290	out7086-1.fasta	0.249184	0.247209	0.247170	0.247183	0.247209	0.247209	0.247361	0.247262	0.247255	0.247400	0.247255	0.247400	0.246011
1162295	out8250-1.fasta	0.249114	0.247185	0.247198	0.247158	0.247171	0.247178	0.247352	0.247245	0.247252	0.247312	0.247252	0.247305	0.245885
11623	out11972-2.fasta	0.249304	0.251591	0.252188	0.253381	0.253481	0.253481	0.256066	0.255171	0.255171	0.255768	0.255171	0.255768	0.253381
1162304	out8253-1.fasta	0.241507	0.241289	0.241344	0.241942	0.241996	0.241996	0.243137	0.242594	0.242594	0.244170	0.242594	0.244170	0.240909
1162305	out8229-1.fasta	0.241153	0.240763	0.240819	0.241542	0.241542	0.241598	0.242600	0.242099	0.242099	0.243601	0.242099	0.243601	0.240596
1162306	out8230-1.fasta	0.241232	0.240956	0.241122	0.241620	0.241620	0.241675	0.242781	0.242228	0.242228	0.243888	0.242228	0.243888	0.240790
1162393	out1120-3.fasta	0.252535	0.254161	0.254639	0.254831	0.254831	0.254831	0.257222	0.256266	0.256266	0.258657	0.256266	0.258657	0.254065
1162557	out2237-1.fasta	0.265937	0.271021	0.273367	0.273758	0.273758	0.273758	0.283926	0.279625	0.279625	0.290184	0.279625	0.290184	0.273758
11628	out10795-2.fasta	0.248425	0.250400	0.251152	0.252186	0.252186	0.252280	0.254443	0.253503	0.253597	0.254631	0.253597	0.254631	0.252468
11631	out11891-2.fasta	0.249288	0.251376	0.252041	0.253085	0.253180	0.253180	0.255553	0.254699	0.254699	0.255648	0.254699	0.255648	0.252990
1163482	out8003-1.fasta	0.251044	0.249841	0.249864	0.250265	0.250289	0.250289	0.250784	0.250478	0.250478	0.251091	0.250478	0.251091	0.249817
1163537	out8211-1.fasta	0.257259	0.259230	0.259756	0.259887	0.259887	0.259887	0.263172	0.261858	0.261858	0.265143	0.261858	0.265143	0.259624
11636	out10382-1.fasta	0.255335	0.257625	0.258107	0.258469	0.258469	0.258469	0.261724	0.260398	0.260398	0.263291	0.260398	0.263291	0.250151
1163701	out2275-1.fasta	0.253073	0.254974	0.255734	0.256241	0.256241	0.256241	0.259409	0.258269	0.258269	0.261057	0.258269	0.261057	0.255861
1163703	out7007-1.fasta	0.256997	0.258203	0.259140	0.259408	0.259408	0.259408	0.263024	0.261819	0.261819	0.264765	0.261819	0.264765	0.259542
1163708	out6999-1.fasta	0.255788	0.257718	0.258407	0.258958	0.258958	0.258958	0.262817	0.261577	0.261577	0.264333	0.261577	0.264333	0.258958
1163709	out2285-1.fasta	0.253624	0.255752	0.256151	0.256816	0.256816	0.256949	0.260407	0.259077	0.259077	0.261870	0.259077	0.261870	0.256816
1163715	out8218-1.fasta	0.269182	0.274693	0.276812	0.276812	0.276812	0.276812	0.288258	0.284019	0.284019	0.295040	0.284019	0.295040	0.276812
11642	out11814-1.fasta	0.247546	0.248905	0.249509	0.250038	0.250038	0.250038	0.252076	0.251246	0.251246	0.252378	0.251246	0.252454	0.226408
1165134	out8294-1.fasta	0.240328	0.240328	0.240267	0.240575	0.240606	0.240606	0.241285	0.240853	0.240853	0.241809	0.240853	0.241809	0.239125
1165135	out8295-1.fasta	0.240900	0.240931	0.240931	0.241207	0.241237	0.241237	0.241913	0.241483	0.241452	0.242404	0.241452	0.242404	0.239795
1165136	out8298-1.fasta	0.241545	0.241639	0.241608	0.241857	0.241857	0.241889	0.242576	0.242138	0.242138	0.243044	0.242138	0.243044	0.240483
1165151	out8297-1.fasta	0.241345	0.241502	0.241502	0.241722	0.241722	0.241754	0.242415	0.242006	0.242006	0.242918	0.242006	0.242918	0.240337
1165160	out8296-1.fasta	0.241138	0.241292	0.241230	0.241508	0.241508	0.241539	0.242188	0.241786	0.241786	0.242712	0.241786	0.242712	0.240026
11657	out12052-1.fasta	0.252181	0.254067	0.254893	0.255482	0.255482	0.255482	0.258548	0.257604	0.257604	0.259844	0.257604	0.259844	0.254539
1165702	out7861-1.fasta	0.237789	0.238149	0.238297	0.238487	0.238508	0.238508	0.238953	0.238699	0.238699	0.239080	0.238699	0.239080	0.237535
1165907	out7110-1.fasta	0.258957	0.261801	0.262559	0.262749	0.262559	0.262559	0.267867	0.265782	0.265782	0.270332	0.265782	0.270332	0.262370
11660	out11897-1.fasta	0.245293	0.246490	0.246926	0.247905	0.247905	0.247905	0.250843	0.249864	0.249864	0.251279	0.249864	0.251279	0.246055
11663	out11929-1.fasta	0.245678	0.247731	0.247839	0.248487	0.248487	0.248487	0.251080	0.250108	0.250108	0.252053	0.250108	0.252053	0.246543
11665	out11570-1.fasta	0.247757	0.249910	0.250389	0.251226	0.251226	0.251346	0.254217	0.253140	0.253260	0.255294	0.253260	0.255294	0.245005
11673	out11912-1.fasta	0.244775	0.246464	0.246886	0.247625	0.247731	0.247731	0.250264	0.249314	0.249314	0.251425	0.249314	0.251425	0.243086
11676	out11565-1.fasta	0.246705	0.248448	0.249646	0.250953	0.251062	0.251062	0.253894	0.252914	0.252914	0.253676	0.252914	0.253676	0.249319
1167690	out7739-1.fasta	0.259936	0.263158	0.264232	0.264447	0.264447	0.264447	0.269817	0.267454	0.267454	0.273255	0.267454	0.273255	0.264447
1167691	out2416-1.fasta	0.260229	0.263260	0.264559	0.264559	0.264559	0.264559	0.270188	0.267590	0.267590	0.273652	0.267590	0.273652	0.264559
1167696	out8128-1.fasta	0.248530	0.250630	0.251302	0.252311	0.252311	0.252311	0.254327	0.253487	0.253487	0.254411	0.253487	0.254411	0.252058
1168280	out8147-1.fasta	0.248236	0.246535	0.246835	0.247411	0.247461	0.247486	0.248111	0.247711	0.247711	0.248086	0.247711	0.248086	0.245785
1168281	out7817-1.fasta	0.248694	0.246911	0.247738	0.248591	0.248617	0.248617	0.249212	0.248875	0.248875	0.248514	0.248875	0.248514	0.242800
1168478	out8185-1.fasta	0.241373	0.241317	0.241709	0.241877	0.241905	0.241905	0.242493	0.242101	0.242101	0.242829	0.242101	0.242829	0.240252
1168479	out8186-1.fasta	0.241698	0.241613	0.242034	0.242258	0.242287	0.242287	0.242848	0.242455	0.242455	0.243240	0.242455	0.243240	0.240660
1168547	out7873-1.fasta	0.281437	0.289222	0.292814	0.292814	0.292814	0.292814	0.308982	0.302395	0.302395	0.317964	0.302395	0.317964	0.293413
1168548	out8197-1.fasta	0.249805	0.248925	0.248976	0.249453	0.249478	0.249504	0.250107	0.249780	0.249780	0.250157	0.249780	0.250157	0.248800
1168549	out8191-1.fasta	0.250041	0.248758	0.248778	0.249369	0.249410	0.249410	0.249919	0.249572	0.249572	0.249857	0.249572	0.249857	0.248229
1168563	out7148-1.fasta	0.241879	0.239493	0.239702	0.240388	0.240418	0.240418	0.241223	0.240716	0.240716	0.241104	0.240716	0.241104	0.238240
1168594	out7067-1.fasta	0.243712	0.243418	0.243510	0.244024	0.244061	0.244061	0.244557	0.244263	0.244263	0.244079	0.244263	0.244079	0.242060
1168595	out7091-1.fasta	0.242027	0.240742	0.240854	0.240910	0.240928	0.240928	0.241413	0.241133	0.241115	0.241394	0.241115	0.241394	0.238283
1168612	out7984-1.fasta	0.238431	0.238716	0.238936	0.239133	0.239155	0.239177	0.239616	0.239331	0.239331	0.239726	0.239331	0.239726	0.237970
1168613	out8260-1.fasta	0.239414	0.239757	0.239917	0.240100	0.240100	0.240100	0.240556	0.240282	0.240282	0.240785	0.240282	0.240785	0.238958
1168744	out7747-1.fasta	0.239236	0.238627	0.238529	0.238837	0.238845	0.238853	0.239040	0.238905	0.238905	0.238928	0.238905	0.238920	0.236989
1169032	out11087-1.fasta	0.256431	0.258812	0.259924	0.260083	0.260083	0.260083	0.263893	0.262147	0.262147	0.266593	0.262147	0.266593	0.259765
136084	out11259-1.fasta	0.242819	0.240438	0.240764	0.241767	0.241967	0.241917	0.242243	0.242092	0.242092	0.242218	0.242092	0.242067	0.240538
1367126	out2213-1.fasta	0.267616	0.272362	0.274188	0.274188	0.274188	0.274188	0.283680	0.279664	0.279664	0.289887	0.279664	0.289887	0.273823
1367203	out7504-1.fasta	0.240221	0.239169	0.239019	0.239289	0.239332	0.239325	0.239474	0.239353	0.239353	0.239325	0.239353	0.239318	0.238913
1367218	out2238-1.fasta	0.272727	0.278182	0.281818	0.281364	0.281364	0.281364	0.294091	0.288636	0.288636	0.300909	0.288636	0.300909	0.281364
1368616	out7502-3.fasta	0.245280	0.246715	0.247470	0.248225	0.248225	0.248225	0.249887	0.249132	0.249132	0.250189	0.249132	0.250189	0.247697
1560282	out6128-1.fasta	0.244961	0.244576	0.244624	0.245588	0.245636	0.245636	0.246167	0.245829	0.245829	0.245058	0.245829	0.245058	0.241610
1560283	out6143-1.fasta	0.244718	0.244535	0.244833	0.245291	0.245314	0.245337	0.245772	0.245520	0.245520	0.245612	0.245520	0.245612	0.240846
1560284	out6153-1.fasta	0.244703	0.244460	0.244703	0.245168	0.245190	0.245190	0.245677	0.245367	0.245345	0.245478	0.245345	0.245478	0.240807
1560285	out5544-1.fasta	0.241547	0.239489	0.239564	0.239375	0.239375	0.239375	0.239904	0.239564	0.239545	0.239734	0.239545	0.239734	0.236770
1560286	out5639-1.fasta	0.237588	0.236351	0.236335	0.236450	0.236483	0.236483	0.236929	0.236533	0.236516	0.236186	0.236516	0.236186	0.229949
1560313	out6108-1.fasta	0.236224	0.235509	0.235493	0.235493	0.235501	0.235509	0.235670	0.235570	0.235570	0.235701	0.235570	0.235701	0.234286
1560342	out6100-1.fasta	0.241479	0.240715	0.240919	0.241224	0.241255	0.241255	0.241459	0.241347	0.241347	0.241428	0.241347	0.241428	0.240012
1560346	out6565-1.fasta	0.248033	0.247972	0.248278	0.248706	0.248768	0.248768	0.249594	0.249258	0.249258	0.249594	0.249258	0.249564	0.248584
1560351	out6689-1.fasta	0.245499	0.246809	0.247463	0.247463	0.247572	0.247572	0.250409	0.249209	0.249209	0.252373	0.249209	0.252373	0.247463
1560514	out6669-1.fasta	0.240110	0.236027	0.235832	0.235629	0.235670	0.235648	0.235681	0.235616	0.235648	0.235935	0.235648	0.235965	0.234890
1561150	out6352-1.fasta	0.249576	0.251534	0.252447	0.252839	0.252839	0.252839	0.256102	0.254928	0.254928	0.258060	0.254928	0.258060	0.252709
1561160	out3008-2.fasta	0.251351	0.253013	0.253761	0.254343	0.254426	0.254426	0.256421	0.255590	0.255673	0.256753	0.255673	0.256753	0.252099
1561171	out6698-1.fasta	0.259109	0.261762	0.262469	0.262469	0.262469	0.262469	0.267068	0.264945	0.264945	0.270251	0.264945	0.270251	0.262646
1561172	out6699-1.fasta	0.267502	0.272292	0.274134	0.273766	0.273766	0.273766	0.283714	0.279661	0.279661	0.290346	0.279661	0.289978	0.274134
1561705	out6498-1.fasta	0.255092	0.258383	0.259617	0.261675	0.261675	0.261880	0.267435	0.265377	0.265377	0.267846	0.265377	0.267846	0.262086
1562038	out6559-1.fasta	0.254345	0.256462	0.257019	0.257353	0.257353	0.257464	0.260361	0.259135	0.259135	0.261475	0.259135	0.261475	0.257019
1562039	out6560-1.fasta	0.253968	0.256069	0.256536	0.257003	0.257003	0.257003	0.260387	0.258987	0.258987	0.261321	0.258987	0.261321	0.256303
1562064	out6562-1.fasta	0.253335	0.256403	0.257471	0.258538	0.258671	0.258671	0.262140	0.260806	0.260806	0.261740	0.260806	0.261740	0.257604
1562065	out6566-1.fasta	0.248329	0.250025	0.250324	0.250524	0.250624	0.250624	0.253417	0.252220	0.252220	0.254415	0.252220	0.254415	0.250125
1562066	out6564-1.fasta	0.245629	0.246938	0.247786	0.248864	0.248864	0.248864	0.250635	0.250019	0.250019	0.250404	0.250019	0.250404	0.248402
1562076	out6166-1.fasta	0.248321	0.248296	0.248398	0.248832	0.248832	0.248832	0.249419	0.248934	0.248934	0.248883	0.248934	0.248883	0.241453
1562379	out6275-1.fasta	0.263463	0.268848	0.271748	0.271748	0.271748	0.271748	0.282104	0.277962	0.277962	0.289561	0.277962	0.289561	0.271748
1562380	out6276-1.fasta	0.255881	0.261246	0.264135	0.263723	0.263723	0.263723	0.274453	0.269913	0.269913	0.281469	0.269913	0.281469	0.263723
1563660	out5749-1.fasta	0.236458	0.235370	0.235179	0.235723	0.235877	0.235863	0.235892	0.235738	0.235752	0.235635	0.235752	0.235583	0.235098
1563661	out6113-1.fasta	0.244268	0.240424	0.240492	0.240370	0.240397	0.240410	0.240762	0.240613	0.240600	0.240857	0.240600	0.240844	0.236323
1564096	out6107-1.fasta	0.249056	0.245899	0.245881	0.245862	0.245887	0.245887	0.246059	0.245961	0.245961	0.246066	0.245961	0.246059	0.244364
1564115	out6403-1.fasta	0.256626	0.258906	0.259476	0.259761	0.259761	0.259761	0.263608	0.262040	0.262040	0.265318	0.262040	0.265318	0.259191
1564120	out1679-3.fasta	0.249215	0.251047	0.251657	0.253140	0.253140	0.253227	0.255495	0.254885	0.254885	0.255321	0.254885	0.255321	0.253227
1564182	out6563-1.fasta	0.253269	0.255272	0.256214	0.257039	0.257156	0.257156	0.260337	0.259041	0.259041	0.260455	0.259041	0.260455	0.255625
1564903	out6545-1.fasta	0.258102	0.260775	0.261443	0.261610	0.261610	0.261610	0.265787	0.264283	0.264283	0.268627	0.264283	0.268627	0.261777
1565088	out5863-1.fasta	0.267533	0.272323	0.273691	0.273691	0.273691	0.273691	0.283271	0.279507	0.279507	0.289087	0.279507	0.289087	0.274034
1565990	out6543-1.fasta	0.257212	0.258917	0.260054	0.260480	0.260480	0.260622	0.264317	0.263038	0.263038	0.266022	0.263038	0.266022	0.260480
1566011	out6431-1.fasta	0.273054	0.279802	0.281152	0.281152	0.281152	0.281152	0.293297	0.288349	0.288349	0.300495	0.288349	0.300495	0.281152
1566298	out5921-1.fasta	0.251371	0.253229	0.253601	0.254344	0.254437	0.254437	0.256575	0.255738	0.255738	0.256946	0.255738	0.256946	0.253415
1566309	out6516-7.fasta	0.250794	0.252300	0.252634	0.253136	0.253136	0.253136	0.255310	0.254641	0.254641	0.255896	0.254641	0.255896	0.252801
1566868	out6433-1.fasta	0.255411	0.257742	0.258242	0.258408	0.258408	0.258408	0.262737	0.260739	0.260739	0.265568	0.260739	0.265568	0.258408
1566869	out6509-1.fasta	0.251630	0.252640	0.253191	0.253375	0.253375	0.253375	0.255763	0.254844	0.254844	0.257048	0.254844	0.256957	0.253008
156690	out11744-1.fasta	0.259000	0.261447	0.262670	0.262845	0.262845	0.262845	0.267214	0.265292	0.265292	0.269661	0.265292	0.269661	0.262670
1566990	out6158-1.fasta	0.244549	0.244993	0.245112	0.245527	0.245586	0.245586	0.246238	0.245882	0.245882	0.246060	0.245882	0.246060	0.244549
1566993	out6331-1.fasta	0.243020	0.240871	0.241025	0.240632	0.240632	0.240646	0.240899	0.240702	0.240702	0.241138	0.240702	0.241138	0.234649
1566995	out6151-1.fasta	0.247337	0.243313	0.243573	0.243860	0.243888	0.243888	0.244298	0.244052	0.244038	0.244463	0.244038	0.244463	0.241711
1567004	out6146-1.fasta	0.249232	0.247820	0.247865	0.248067	0.248112	0.248134	0.248694	0.248358	0.248336	0.248941	0.248336	0.248941	0.246184
1567005	out5615-1.fasta	0.244827	0.243689	0.243698	0.243807	0.243825	0.243825	0.244068	0.243861	0.243861	0.244177	0.243861	0.244177	0.242425
1567006	out6121-1.fasta	0.246157	0.245426	0.245334	0.245621	0.245648	0.245658	0.245880	0.245787	0.245787	0.245861	0.245787	0.245861	0.228372
1567007	out374-1.fasta	0.246205	0.245485	0.245374	0.245660	0.245688	0.245688	0.245919	0.245826	0.245826	0.245919	0.245826	0.245919	0.228486
1567009	out4950-1.fasta	0.228392	0.228371	0.228562	0.228966	0.228966	0.228988	0.229477	0.229179	0.229179	0.229349	0.229179	0.229349	0.228073
1567010	out4947-1.fasta	0.230369	0.230369	0.230474	0.230918	0.230944	0.230944	0.231624	0.231284	0.231284	0.231703	0.231284	0.231703	0.229924
1567011	out5665-1.fasta	0.229364	0.229701	0.229869	0.230373	0.230373	0.230401	0.230989	0.230653	0.230653	0.231017	0.230653	0.231017	0.229000
1567012	out5652-1.fasta	0.230988	0.231107	0.231344	0.231724	0.231724	0.231724	0.232317	0.231984	0.231984	0.232198	0.231984	0.232198	0.230609
1567013	out5664-1.fasta	0.230333	0.230415	0.230606	0.231042	0.231042	0.231042	0.231695	0.231341	0.231341	0.231750	0.231341	0.231750	0.230007
1567014	out5681-1.fasta	0.229172	0.229044	0.229236	0.229619	0.229619	0.229641	0.230216	0.229875	0.229875	0.230088	0.229875	0.230088	0.228980
1567015	out4949-1.fasta	0.228413	0.228392	0.228584	0.228988	0.228988	0.229009	0.229498	0.229200	0.229200	0.229370	0.229200	0.229370	0.228094
1567016	out4951-1.fasta	0.230369	0.230369	0.230474	0.230918	0.230918	0.230944	0.231598	0.231258	0.231258	0.231703	0.231258	0.231703	0.229924
1567022	out6145-1.fasta	0.249502	0.245652	0.245733	0.247052	0.247079	0.247106	0.247698	0.247348	0.247348	0.246998	0.247348	0.246998	0.243418
1567025	out6097-1.fasta	0.243606	0.242407	0.242327	0.242749	0.242772	0.242772	0.242967	0.242795	0.242795	0.242795	0.242795	0.242784	0.240270
1567026	out5548-1.fasta	0.246039	0.244203	0.244273	0.244338	0.244361	0.244361	0.244531	0.244432	0.244426	0.244543	0.244426	0.244543	0.242437
1567027	out5559-1.fasta	0.245973	0.243871	0.243847	0.244170	0.244194	0.244200	0.244323	0.244223	0.244223	0.244041	0.244223	0.244041	0.242004
1567028	out5588-1.fasta	0.246022	0.243921	0.243891	0.244254	0.244278	0.244284	0.244442	0.244336	0.244336	0.244172	0.244336	0.244172	0.242147
1567029	out5619-1.fasta	0.245720	0.243685	0.243633	0.243948	0.243971	0.243977	0.244146	0.244023	0.244029	0.243889	0.244029	0.243889	0.242181
1567404	out6587-9.fasta	0.241692	0.242426	0.242685	0.242943	0.242987	0.242987	0.243936	0.243418	0.243418	0.244584	0.243418	0.244584	0.242167
1567453	out5361-1.fasta	0.250071	0.250292	0.250229	0.250607	0.250607	0.250607	0.251364	0.250986	0.250986	0.251522	0.250986	0.251522	0.246286
1567466	out6308-1.fasta	0.242350	0.241160	0.241241	0.241342	0.241362	0.241362	0.241866	0.241584	0.241584	0.241866	0.241584	0.241866	0.238659
1567468	out5353-1.fasta	0.241707	0.240329	0.240426	0.240465	0.240484	0.240484	0.240969	0.240698	0.240678	0.240989	0.240678	0.240989	0.237979
1567471	out6328-1.fasta	0.235866	0.233890	0.233955	0.233988	0.234021	0.234021	0.234445	0.234037	0.234021	0.233661	0.234021	0.233645	0.226429
1567472	out6330-1.fasta	0.236148	0.235102	0.234867	0.235081	0.235102	0.235102	0.235700	0.235230	0.235209	0.234974	0.235209	0.234974	0.228061
1567473	out6323-1.fasta	0.235488	0.234234	0.234286	0.234028	0.234062	0.234062	0.234492	0.234028	0.234011	0.233959	0.234011	0.233959	0.226143
1567475	out6314-1.fasta	0.239343	0.238877	0.238895	0.239128	0.239164	0.239164	0.239701	0.239325	0.239307	0.239200	0.239307	0.239200	0.235779
1567484	out5352-1.fasta	0.244299	0.241829	0.241310	0.241602	0.241668	0.241649	0.241961	0.241753	0.241734	0.242262	0.241734	0.242319	0.238152
1567485	out5484-1.fasta	0.248864	0.247771	0.247720	0.248061	0.248078	0.248096	0.248420	0.248232	0.248232	0.249001	0.248232	0.249001	0.246661
1567486	out6442-1.fasta	0.248785	0.246161	0.246384	0.247194	0.247250	0.247250	0.247836	0.247501	0.247473	0.247557	0.247473	0.247585	0.245686
1567487	out4945-1.fasta	0.247084	0.247737	0.247862	0.248288	0.248288	0.248313	0.248865	0.248514	0.248514	0.248639	0.248514	0.248639	0.243824
1568973	out6432-1.fasta	0.256702	0.258378	0.258825	0.258825	0.258825	0.258825	0.261506	0.260277	0.260277	0.263517	0.260277	0.263517	0.258825
1568974	out6573-1.fasta	0.266981	0.272477	0.274441	0.274833	0.274833	0.274833	0.285041	0.280722	0.280722	0.290931	0.280722	0.290931	0.274441
1569052	out5375-1.fasta	0.255563	0.257186	0.258113	0.258345	0.258345	0.258345	0.261011	0.259736	0.259736	0.262749	0.259736	0.262749	0.258229
1569053	out5376-1.fasta	0.255722	0.257581	0.258511	0.258627	0.258627	0.258627	0.261299	0.260021	0.260021	0.262926	0.260021	0.262926	0.258394
1569054	out5377-1.fasta	0.256473	0.257750	0.258911	0.259143	0.259143	0.259143	0.261930	0.260653	0.260653	0.263439	0.260653	0.263439	0.259143
1569055	out5378-1.fasta	0.256270	0.257780	0.258709	0.258941	0.259057	0.259057	0.261612	0.260334	0.260334	0.263237	0.260334	0.263237	0.258825
1569056	out5379-1.fasta	0.257260	0.258665	0.259602	0.259836	0.259836	0.259836	0.262529	0.261358	0.261358	0.264403	0.261358	0.264403	0.259836
1569057	out1980-1.fasta	0.253589	0.256544	0.257247	0.257529	0.257529	0.257529	0.261047	0.259780	0.259780	0.262736	0.259780	0.262736	0.257247
1569258	out5856-1.fasta	0.247013	0.249153	0.249688	0.250580	0.250669	0.250669	0.252720	0.251739	0.251739	0.252898	0.251739	0.252898	0.250045
1569922	out979-3.fasta	0.249379	0.251006	0.251606	0.253575	0.253661	0.253661	0.255973	0.255203	0.255117	0.255031	0.255117	0.255031	0.253575
