116056	out11254-3.fasta	0.251504	0.252684	0.251622	0.252330	0.252802	0.252566	0.255515	0.254807	0.254807	0.257048	0.254807	0.256813	0.252802
1160968	out8210-1.fasta	0.243151	0.243215	0.243248	0.243826	0.243859	0.243859	0.244598	0.244180	0.244180	0.244823	0.244180	0.244823	0.243698
1161132	out6679-1.fasta	0.256630	0.258262	0.258670	0.259078	0.259214	0.259214	0.262750	0.261254	0.261254	0.264790	0.261254	0.264790	0.259078
11612	out11723-3.fasta	0.238889	0.239606	0.240143	0.240920	0.240980	0.240980	0.242234	0.241697	0.241697	0.242533	0.241697	0.242473	0.241458
1161901	out8252-1.fasta	0.247716	0.245627	0.245481	0.245554	0.245579	0.245603	0.246089	0.245846	0.245846	0.247085	0.245846	0.247085	0.245311
1161903	out8188-1.fasta	0.243276	0.239450	0.239558	0.239477	0.239504	0.239504	0.240210	0.239721	0.239694	0.240752	0.239694	0.240752	0.239070
1161906	out8184-1.fasta	0.247812	0.246294	0.246294	0.246740	0.246860	0.246860	0.247425	0.247127	0.247127	0.248050	0.247127	0.247991	0.246740
1161927	out8258-1.fasta	0.245425	0.242181	0.242113	0.240438	0.240467	0.240456	0.240456	0.240506	0.240516	0.240688	0.240516	0.240684	0.240263
1161928	out1273-1.fasta	0.249954	0.246640	0.246706	0.246090	0.246156	0.246130	0.246444	0.246261	0.246261	0.246850	0.246261	0.246916	0.245593
1161930	out8187-1.fasta	0.245105	0.243617	0.243617	0.243960	0.243998	0.244036	0.244800	0.244342	0.244342	0.245792	0.244342	0.245792	0.243846
1161931	out7893-1.fasta	0.245680	0.241588	0.241544	0.240968	0.241011	0.241011	0.241386	0.241198	0.241198	0.241804	0.241198	0.241804	0.241112
1161933	out1345-1.fasta	0.240322	0.236916	0.236916	0.235820	0.235840	0.235820	0.236310	0.235977	0.235977	0.236584	0.235977	0.236584	0.235703
1161934	out1347-1.fasta	0.244318	0.241715	0.241695	0.241238	0.241258	0.241258	0.241775	0.241457	0.241457	0.242112	0.241457	0.242112	0.241159
1161935	out8004-1.fasta	0.248897	0.246933	0.246933	0.247317	0.247358	0.247378	0.247844	0.247641	0.247641	0.248269	0.247641	0.248249	0.247580
1161939	out6640-1.fasta	0.240596	0.240430	0.240708	0.240875	0.240875	0.240930	0.242099	0.241487	0.241487	0.243045	0.241487	0.243045	0.240986
11620	out11547-2.fasta	0.248479	0.250164	0.250632	0.251568	0.251662	0.251662	0.254096	0.253160	0.253160	0.254471	0.253160	0.254377	0.252317
1162083	out8312-1.fasta	0.262948	0.266401	0.267995	0.267995	0.267995	0.267995	0.275166	0.272510	0.272510	0.279947	0.272510	0.279947	0.268260
1162280	out7844-2.fasta	0.258624	0.261074	0.261828	0.261640	0.261640	0.261640	0.266352	0.264844	0.264844	0.269746	0.264844	0.269746	0.261640
1162290	out7086-1.fasta	0.249065	0.246386	0.246327	0.245932	0.245972	0.245965	0.246103	0.246018	0.246018	0.246360	0.246018	0.246353	0.246011
1162295	out8250-1.fasta	0.249014	0.246334	0.246267	0.245845	0.245885	0.245878	0.246032	0.245952	0.245952	0.246207	0.245952	0.246207	0.245885
11623	out11972-2.fasta	0.249204	0.251094	0.251691	0.252685	0.252784	0.252884	0.255370	0.254475	0.254475	0.255668	0.254475	0.255668	0.253381
1162304	out8253-1.fasta	0.241344	0.240093	0.240148	0.240583	0.240637	0.240691	0.241615	0.241181	0.241181	0.243137	0.241181	0.243137	0.240909
1162305	out8229-1.fasta	0.240986	0.239762	0.239762	0.240207	0.240263	0.240263	0.241209	0.240708	0.240708	0.242767	0.240708	0.242767	0.240596
1162306	out8230-1.fasta	0.241066	0.240015	0.240015	0.240403	0.240513	0.240569	0.241564	0.241066	0.241066	0.243113	0.241066	0.243113	0.240790
1162393	out1120-3.fasta	0.251865	0.253205	0.253396	0.253970	0.254065	0.254065	0.256553	0.255596	0.255596	0.257605	0.255596	0.257605	0.254065
1162557	out2237-1.fasta	0.266328	0.271021	0.273367	0.273367	0.273758	0.273758	0.283926	0.279625	0.279625	0.290184	0.279625	0.290184	0.273758
11628	out10795-2.fasta	0.248331	0.250118	0.250776	0.251716	0.251810	0.251810	0.254161	0.253220	0.253315	0.254631	0.253315	0.254537	0.252468
11631	out11891-2.fasta	0.249193	0.250902	0.251566	0.252516	0.252516	0.252611	0.254984	0.254129	0.254129	0.255648	0.254129	0.255648	0.252990
1163482	out8003-1.fasta	0.250973	0.249298	0.249275	0.249581	0.249605	0.249628	0.250171	0.249864	0.249864	0.250714	0.249864	0.250714	0.249817
1163537	out8211-1.fasta	0.257259	0.258705	0.259099	0.259624	0.259624	0.259624	0.262909	0.261595	0.261595	0.264880	0.261595	0.264880	0.259624
11636	out10382-1.fasta	0.247740	0.247378	0.248825	0.249910	0.250151	0.250151	0.252562	0.251838	0.251838	0.254491	0.251838	0.254250	0.250151
1163701	out2275-1.fasta	0.252946	0.254340	0.255101	0.255608	0.255734	0.255734	0.258776	0.257635	0.257635	0.260423	0.257635	0.260423	0.255861
1163703	out7007-1.fasta	0.256864	0.257801	0.258738	0.259140	0.259274	0.259274	0.262756	0.261417	0.261417	0.264631	0.261417	0.264631	0.259542
1163708	out6999-1.fasta	0.255788	0.257304	0.257993	0.258545	0.258682	0.258682	0.262404	0.261163	0.261163	0.264057	0.261163	0.264057	0.258958
1163709	out2285-1.fasta	0.253358	0.255087	0.255885	0.256417	0.256417	0.256417	0.260008	0.258545	0.258545	0.261604	0.258545	0.261604	0.256816
1163715	out8218-1.fasta	0.269182	0.274269	0.276812	0.276812	0.276812	0.276812	0.288258	0.284019	0.284019	0.295040	0.284019	0.295040	0.276812
11642	out11814-1.fasta	0.225200	0.223841	0.225200	0.225880	0.226257	0.226181	0.227540	0.227087	0.227163	0.228371	0.227163	0.227993	0.226408
1165134	out8294-1.fasta	0.240174	0.239063	0.238631	0.239094	0.239218	0.239218	0.239896	0.239464	0.239495	0.240729	0.239495	0.240729	0.239125
1165135	out8295-1.fasta	0.240777	0.239672	0.239396	0.239826	0.239887	0.239887	0.240470	0.240071	0.240071	0.241360	0.240071	0.241360	0.239795
1165136	out8298-1.fasta	0.241514	0.240452	0.240390	0.240640	0.240671	0.240671	0.241358	0.240921	0.240921	0.242232	0.240921	0.242232	0.240483
1165151	out8297-1.fasta	0.241313	0.240369	0.240306	0.240526	0.240558	0.240558	0.241219	0.240778	0.240778	0.242131	0.240778	0.242131	0.240337
1165160	out8296-1.fasta	0.241138	0.240088	0.239995	0.240180	0.240211	0.240242	0.240921	0.240489	0.240489	0.241879	0.240489	0.241879	0.240026
11657	out12052-1.fasta	0.251592	0.252181	0.253124	0.254303	0.254421	0.254421	0.257486	0.256425	0.256543	0.258901	0.256543	0.258783	0.254539
1165702	out7861-1.fasta	0.237768	0.237598	0.237598	0.237704	0.237725	0.237747	0.238212	0.237937	0.237937	0.238508	0.237937	0.238508	0.237535
1165907	out7110-1.fasta	0.258578	0.261043	0.261991	0.262180	0.262370	0.262370	0.267488	0.265213	0.265213	0.269953	0.265213	0.269953	0.262370
11660	out11897-1.fasta	0.244096	0.243552	0.244314	0.245620	0.245729	0.245837	0.248667	0.247796	0.247905	0.249429	0.247905	0.249320	0.246055
11663	out11929-1.fasta	0.244922	0.245138	0.245570	0.246651	0.246759	0.246759	0.249352	0.248487	0.248487	0.250756	0.248487	0.250756	0.246543
11665	out11570-1.fasta	0.242134	0.242134	0.243211	0.244407	0.244646	0.244646	0.247278	0.246800	0.246800	0.248714	0.246800	0.248355	0.245005
11673	out11912-1.fasta	0.241186	0.240870	0.241820	0.242875	0.243086	0.243086	0.245514	0.244881	0.244986	0.246992	0.244986	0.246781	0.243086
11676	out11565-1.fasta	0.245943	0.246596	0.247468	0.248884	0.249101	0.249101	0.251933	0.251062	0.251062	0.252369	0.251062	0.252369	0.249319
1167690	out7739-1.fasta	0.259936	0.263158	0.264447	0.264232	0.264447	0.264447	0.269817	0.267454	0.267454	0.273255	0.267454	0.273255	0.264447
1167691	out2416-1.fasta	0.260229	0.263260	0.264776	0.264559	0.264559	0.264559	0.270188	0.267807	0.267807	0.273869	0.267807	0.273869	0.264559
1167696	out8128-1.fasta	0.248530	0.250126	0.250630	0.251638	0.251722	0.251722	0.253739	0.252815	0.252815	0.254075	0.252815	0.254075	0.252058
1168280	out8147-1.fasta	0.248111	0.245359	0.245435	0.245735	0.245785	0.245810	0.246410	0.246010	0.246010	0.246735	0.246010	0.246735	0.245785
1168281	out7817-1.fasta	0.248358	0.243395	0.243498	0.243731	0.243783	0.243783	0.244403	0.244067	0.244041	0.244972	0.244041	0.244972	0.242800
1168478	out8185-1.fasta	0.241064	0.240112	0.240364	0.240504	0.240560	0.240560	0.241148	0.240756	0.240756	0.241765	0.240756	0.241765	0.240252
1168479	out8186-1.fasta	0.241445	0.240463	0.240716	0.240940	0.240968	0.240996	0.241585	0.241193	0.241193	0.242230	0.241193	0.242230	0.240660
1168547	out7873-1.fasta	0.281437	0.289222	0.292814	0.293413	0.293413	0.293413	0.308982	0.302395	0.302395	0.317964	0.302395	0.317964	0.293413
1168548	out8197-1.fasta	0.249881	0.248071	0.248096	0.248523	0.248574	0.248599	0.249202	0.248850	0.248850	0.249654	0.248850	0.249654	0.248800
1168549	out8191-1.fasta	0.249695	0.247557	0.247516	0.247984	0.248086	0.248086	0.248677	0.248310	0.248290	0.248962	0.248290	0.248941	0.248229
1168563	out7148-1.fasta	0.241820	0.238031	0.238121	0.238180	0.238210	0.238210	0.239016	0.238538	0.238509	0.239732	0.238509	0.239732	0.238240
1168594	out7067-1.fasta	0.243565	0.241858	0.241858	0.242115	0.242170	0.242170	0.242684	0.242390	0.242390	0.242868	0.242390	0.242868	0.242060
1168595	out7091-1.fasta	0.241972	0.238861	0.238917	0.238581	0.238619	0.238619	0.239122	0.238786	0.238786	0.239550	0.238786	0.239550	0.238283
1168612	out7984-1.fasta	0.238343	0.238014	0.237970	0.238145	0.238167	0.238189	0.238650	0.238387	0.238365	0.238958	0.238365	0.238958	0.237970
1168613	out8260-1.fasta	0.239300	0.239072	0.239026	0.239140	0.239163	0.239186	0.239711	0.239414	0.239414	0.240077	0.239414	0.240077	0.238958
1168744	out7747-1.fasta	0.239018	0.237395	0.237154	0.237162	0.237207	0.237207	0.237395	0.237229	0.237237	0.237612	0.237237	0.237605	0.236989
1169032	out11087-1.fasta	0.256431	0.258336	0.259606	0.259924	0.259924	0.259924	0.263576	0.261829	0.261829	0.266275	0.261829	0.266434	0.259765
136084	out11259-1.fasta	0.242719	0.239310	0.239410	0.240087	0.240313	0.240263	0.240739	0.240463	0.240463	0.241340	0.240463	0.241165	0.240538
1367126	out2213-1.fasta	0.267616	0.271997	0.274188	0.273823	0.273823	0.273823	0.283680	0.280029	0.280029	0.289887	0.280029	0.289887	0.273823
1367203	out7504-1.fasta	0.239979	0.238827	0.238621	0.238642	0.238699	0.238685	0.238849	0.238692	0.238706	0.238834	0.238706	0.238827	0.238913
1367218	out2238-1.fasta	0.272727	0.278636	0.282273	0.281364	0.281364	0.281364	0.293636	0.289091	0.289091	0.300909	0.289091	0.300909	0.281364
1368616	out7502-3.fasta	0.245205	0.246186	0.246715	0.247395	0.247470	0.247470	0.249207	0.248527	0.248527	0.249962	0.248527	0.249962	0.247697
1560282	out6128-1.fasta	0.244937	0.241851	0.241610	0.242141	0.242213	0.242237	0.242792	0.242478	0.242454	0.242936	0.242454	0.242936	0.241610
1560283	out6143-1.fasta	0.244489	0.241510	0.241396	0.241671	0.241717	0.241717	0.242152	0.241900	0.241900	0.242656	0.241900	0.242656	0.240846
1560284	out6153-1.fasta	0.244460	0.241382	0.241316	0.241559	0.241604	0.241626	0.242113	0.241825	0.241825	0.242689	0.241825	0.242689	0.240807
1560285	out5544-1.fasta	0.241490	0.237846	0.237827	0.236883	0.236902	0.236902	0.237355	0.236997	0.236997	0.237676	0.236997	0.237657	0.236770
1560286	out5639-1.fasta	0.237225	0.232325	0.232259	0.231038	0.231088	0.231071	0.231401	0.231154	0.231154	0.231599	0.231154	0.231599	0.229949
1560313	out6108-1.fasta	0.236132	0.234616	0.234470	0.234286	0.234339	0.234324	0.234470	0.234324	0.234355	0.234755	0.234355	0.234778	0.234286
1560342	out6100-1.fasta	0.241377	0.239910	0.239910	0.239961	0.240012	0.240012	0.240236	0.240104	0.240104	0.240511	0.240104	0.240522	0.240012
1560346	out6565-1.fasta	0.247910	0.247757	0.247880	0.248278	0.248370	0.248370	0.249135	0.248798	0.248829	0.249319	0.248829	0.249319	0.248584
1560351	out6689-1.fasta	0.245499	0.246699	0.247463	0.247572	0.247681	0.247681	0.250300	0.249100	0.249100	0.252264	0.249100	0.252264	0.247463
1560514	out6669-1.fasta	0.239782	0.235594	0.235191	0.234709	0.234766	0.234728	0.234525	0.234424	0.234484	0.234877	0.234484	0.235009	0.234890
1561150	out6352-1.fasta	0.249576	0.250881	0.251795	0.252447	0.252447	0.252447	0.255711	0.254275	0.254275	0.257799	0.254275	0.257799	0.252709
1561160	out3008-2.fasta	0.250104	0.250686	0.250852	0.251683	0.251933	0.251933	0.254177	0.253346	0.253346	0.254675	0.253346	0.254759	0.252099
1561171	out6698-1.fasta	0.259109	0.261585	0.262292	0.262469	0.262469	0.262469	0.267068	0.264945	0.264945	0.270074	0.264945	0.270074	0.262646
1561172	out6699-1.fasta	0.267502	0.271923	0.273766	0.274134	0.274134	0.274134	0.283714	0.279661	0.279661	0.289978	0.279661	0.289978	0.274134
1561705	out6498-1.fasta	0.254680	0.257560	0.258794	0.260852	0.261057	0.261057	0.266612	0.264555	0.264555	0.267435	0.264555	0.267229	0.262086
1562038	out6559-1.fasta	0.254456	0.256127	0.256573	0.257130	0.257130	0.257130	0.260138	0.258913	0.258913	0.261364	0.258913	0.261364	0.257019
1562039	out6560-1.fasta	0.254085	0.255486	0.255952	0.256419	0.256419	0.256536	0.259804	0.258403	0.258403	0.260971	0.258403	0.260971	0.256303
1562064	out6562-1.fasta	0.253202	0.255203	0.256270	0.257471	0.257471	0.257604	0.260939	0.259605	0.259739	0.261206	0.259739	0.261206	0.257604
1562065	out6566-1.fasta	0.248229	0.249426	0.249825	0.250324	0.250324	0.250324	0.253118	0.251921	0.251921	0.254016	0.251921	0.254016	0.250125
1562066	out6564-1.fasta	0.245475	0.246399	0.247015	0.248017	0.248017	0.248094	0.249865	0.249172	0.249172	0.250096	0.249172	0.250096	0.248402
1562076	out6166-1.fasta	0.247964	0.243700	0.243751	0.243138	0.243189	0.243189	0.243828	0.243368	0.243394	0.244415	0.243394	0.244415	0.241453
1562379	out6275-1.fasta	0.263877	0.268848	0.271748	0.271748	0.272162	0.272162	0.282519	0.277962	0.277962	0.289561	0.277962	0.289561	0.271748
1562380	out6276-1.fasta	0.255881	0.261246	0.264135	0.263723	0.263723	0.263723	0.274453	0.269913	0.269913	0.281469	0.269913	0.281469	0.263723
1563660	out5749-1.fasta	0.235877	0.234656	0.234443	0.234715	0.234855	0.234840	0.234965	0.234803	0.234818	0.234899	0.234818	0.234848	0.235098
1563661	out6113-1.fasta	0.243050	0.237284	0.237284	0.236445	0.236499	0.236499	0.236769	0.236688	0.236675	0.237338	0.236675	0.237311	0.236323
1564096	out6107-1.fasta	0.248902	0.244943	0.244869	0.244370	0.244401	0.244394	0.244555	0.244475	0.244481	0.244777	0.244481	0.244771	0.244364
1564115	out6403-1.fasta	0.256626	0.258336	0.259048	0.259191	0.259191	0.259333	0.263180	0.261471	0.261471	0.265033	0.261471	0.265033	0.259191
1564120	out1679-3.fasta	0.249128	0.250698	0.251134	0.252355	0.252355	0.252442	0.254798	0.254100	0.254100	0.254972	0.254100	0.254972	0.253227
1564182	out6563-1.fasta	0.252798	0.253858	0.254683	0.255861	0.255861	0.255861	0.259159	0.257863	0.257863	0.259630	0.257863	0.259630	0.255625
1564903	out6545-1.fasta	0.258102	0.260441	0.261276	0.261610	0.261777	0.261777	0.265620	0.264116	0.264116	0.268627	0.264116	0.268627	0.261777
1565088	out5863-1.fasta	0.267533	0.271981	0.274034	0.273691	0.273691	0.273691	0.282928	0.279507	0.279507	0.289087	0.279507	0.289087	0.274034
1565990	out6543-1.fasta	0.257354	0.258775	0.259770	0.260338	0.260480	0.260480	0.264033	0.262754	0.262754	0.265880	0.262754	0.265880	0.260480
1566011	out6431-1.fasta	0.273054	0.279352	0.281152	0.281152	0.281152	0.281152	0.293297	0.288349	0.288349	0.300495	0.288349	0.300495	0.281152
1566298	out5921-1.fasta	0.250999	0.251557	0.252114	0.253136	0.253229	0.253229	0.255460	0.254530	0.254530	0.256017	0.254530	0.256017	0.253415
1566309	out6516-7.fasta	0.250042	0.250962	0.251631	0.252300	0.252467	0.252467	0.254474	0.253805	0.253805	0.255059	0.253805	0.255059	0.252801
1566868	out6433-1.fasta	0.255411	0.257576	0.258408	0.258408	0.258408	0.258408	0.262737	0.260573	0.260573	0.265568	0.260573	0.265568	0.258408
1566869	out6509-1.fasta	0.251630	0.252548	0.253008	0.253191	0.253283	0.253283	0.255579	0.254661	0.254661	0.257140	0.254661	0.257140	0.253008
156690	out11744-1.fasta	0.259000	0.261272	0.262321	0.262670	0.262670	0.262670	0.267039	0.265117	0.265117	0.269661	0.265117	0.269661	0.262670
1566990	out6158-1.fasta	0.244431	0.243986	0.244075	0.244579	0.244608	0.244638	0.245290	0.244934	0.244934	0.245379	0.244934	0.245379	0.244549
1566993	out6331-1.fasta	0.242739	0.237219	0.237093	0.235421	0.235463	0.235449	0.235730	0.235562	0.235562	0.236447	0.235562	0.236433	0.234649
1566995	out6151-1.fasta	0.247173	0.241752	0.241739	0.241670	0.241697	0.241711	0.242122	0.241862	0.241862	0.242642	0.241862	0.242642	0.241711
1567004	out6146-1.fasta	0.249008	0.246565	0.246408	0.246072	0.246139	0.246139	0.246699	0.246386	0.246386	0.247327	0.246386	0.247349	0.246184
1567005	out5615-1.fasta	0.244610	0.242597	0.242570	0.242398	0.242452	0.242443	0.242687	0.242489	0.242498	0.243030	0.242498	0.243039	0.242425
1567006	out6121-1.fasta	0.229630	0.228612	0.228094	0.228187	0.228316	0.228279	0.228270	0.228205	0.228187	0.228390	0.228187	0.228363	0.228372
1567007	out374-1.fasta	0.229694	0.228698	0.228145	0.228292	0.228440	0.228394	0.228403	0.228311	0.228292	0.228532	0.228292	0.228486	0.228486
1567009	out4950-1.fasta	0.228307	0.227797	0.227839	0.228094	0.228116	0.228116	0.228690	0.228350	0.228328	0.228818	0.228328	0.228818	0.228073
1567010	out4947-1.fasta	0.230264	0.229637	0.229637	0.229924	0.229951	0.229951	0.230604	0.230264	0.230238	0.230918	0.230238	0.230918	0.229924
1567011	out5665-1.fasta	0.229252	0.228804	0.228916	0.229084	0.229140	0.229140	0.229757	0.229364	0.229364	0.230093	0.229364	0.230093	0.229000
1567012	out5652-1.fasta	0.230822	0.230277	0.230371	0.230609	0.230632	0.230632	0.231249	0.230917	0.230917	0.231415	0.230917	0.231415	0.230609
1567013	out5664-1.fasta	0.230224	0.229734	0.229734	0.229952	0.229979	0.230007	0.230660	0.230306	0.230306	0.230933	0.230306	0.230933	0.230007
1567014	out5681-1.fasta	0.229108	0.228574	0.228681	0.228894	0.228894	0.228916	0.229470	0.229150	0.229129	0.229641	0.229129	0.229641	0.228980
1567015	out4949-1.fasta	0.228328	0.227818	0.227860	0.228094	0.228116	0.228137	0.228690	0.228350	0.228350	0.228839	0.228350	0.228839	0.228094
1567016	out4951-1.fasta	0.230238	0.229637	0.229637	0.229924	0.229951	0.229951	0.230604	0.230264	0.230238	0.230918	0.230238	0.230918	0.229924
1567022	out6145-1.fasta	0.248856	0.243202	0.243149	0.243741	0.243795	0.243822	0.244441	0.244064	0.244064	0.244899	0.244064	0.244899	0.243418
1567025	out6097-1.fasta	0.242715	0.240190	0.240041	0.240167	0.240258	0.240258	0.240418	0.240213	0.240213	0.240555	0.240213	0.240498	0.240270
1567026	out5548-1.fasta	0.245664	0.242948	0.242695	0.242584	0.242648	0.242631	0.242678	0.242637	0.242637	0.242924	0.242637	0.242948	0.242437
1567027	out5559-1.fasta	0.245397	0.242356	0.242163	0.242151	0.242204	0.242198	0.242262	0.242204	0.242215	0.242327	0.242215	0.242333	0.242004
1567028	out5588-1.fasta	0.245472	0.242469	0.242276	0.242270	0.242328	0.242311	0.242439	0.242340	0.242346	0.242510	0.242346	0.242504	0.242147
1567029	out5619-1.fasta	0.245277	0.242391	0.242222	0.242228	0.242292	0.242280	0.242356	0.242274	0.242280	0.242397	0.242280	0.242403	0.242181
1567404	out6587-9.fasta	0.241562	0.241864	0.242037	0.242339	0.242382	0.242382	0.243332	0.242857	0.242857	0.244022	0.242857	0.244022	0.242167
1567453	out5361-1.fasta	0.249724	0.247043	0.246633	0.247358	0.247453	0.247453	0.248210	0.247831	0.247831	0.248935	0.247831	0.248967	0.246286
1567466	out6308-1.fasta	0.242229	0.239083	0.239083	0.238901	0.238962	0.238941	0.239466	0.239143	0.239143	0.239889	0.239143	0.239889	0.238659
1567468	out5353-1.fasta	0.241591	0.238464	0.238425	0.238173	0.238212	0.238212	0.238678	0.238387	0.238387	0.239144	0.238387	0.239144	0.237979
1567471	out6328-1.fasta	0.235588	0.229319	0.229319	0.227653	0.227702	0.227686	0.227898	0.227768	0.227751	0.228274	0.227751	0.228257	0.226429
1567472	out6330-1.fasta	0.236020	0.230323	0.230344	0.229192	0.229235	0.229235	0.229704	0.229341	0.229320	0.230365	0.229320	0.230365	0.228061
1567473	out6323-1.fasta	0.235093	0.229321	0.229201	0.227397	0.227466	0.227431	0.227740	0.227466	0.227466	0.227964	0.227466	0.227947	0.226143
1567475	out6314-1.fasta	0.239253	0.236173	0.236262	0.236227	0.236262	0.236262	0.236746	0.236370	0.236370	0.236925	0.236370	0.236925	0.235779
1567484	out5352-1.fasta	0.242489	0.239274	0.238190	0.238001	0.238142	0.238086	0.238265	0.238256	0.238171	0.238783	0.238171	0.238897	0.238152
1567485	out5484-1.fasta	0.248727	0.246678	0.246490	0.246541	0.246592	0.246610	0.246968	0.246780	0.246797	0.247908	0.246797	0.247891	0.246661
1567486	out6442-1.fasta	0.248702	0.244904	0.244793	0.245379	0.245463	0.245463	0.246021	0.245658	0.245658	0.246496	0.245658	0.246607	0.245686
1567487	out4945-1.fasta	0.245906	0.244526	0.243674	0.244050	0.244225	0.244200	0.244802	0.244426	0.244401	0.245404	0.244401	0.245454	0.243824
1568973	out6432-1.fasta	0.256702	0.257931	0.258601	0.258825	0.258825	0.258825	0.261394	0.260165	0.260165	0.263293	0.260165	0.263293	0.258825
1568974	out6573-1.fasta	0.266981	0.272085	0.274048	0.274441	0.274441	0.274441	0.285041	0.280722	0.280722	0.291323	0.280722	0.291323	0.274441
1569052	out5375-1.fasta	0.255563	0.256954	0.257881	0.258113	0.258113	0.258113	0.260895	0.259504	0.259504	0.262633	0.259504	0.262633	0.258229
1569053	out5376-1.fasta	0.255722	0.257116	0.258046	0.258394	0.258394	0.258394	0.261067	0.259789	0.259789	0.262809	0.259789	0.262809	0.258394
1569054	out5377-1.fasta	0.256473	0.257634	0.258563	0.259027	0.259027	0.259027	0.261697	0.260420	0.260420	0.263439	0.260420	0.263439	0.259143
1569055	out5378-1.fasta	0.256270	0.257431	0.258477	0.258709	0.258825	0.258825	0.261496	0.260218	0.260218	0.263005	0.260218	0.263121	0.258825
1569056	out5379-1.fasta	0.257260	0.258548	0.259485	0.259836	0.259836	0.259836	0.262529	0.261241	0.261241	0.264403	0.261241	0.264403	0.259836
1569057	out1980-1.fasta	0.253448	0.256122	0.256544	0.257107	0.257107	0.257107	0.260766	0.259499	0.259499	0.262595	0.259499	0.262595	0.257247
1569258	out5856-1.fasta	0.247013	0.248261	0.248796	0.249688	0.249777	0.249777	0.252006	0.250847	0.250936	0.252541	0.250936	0.252541	0.250045
1569922	out979-3.fasta	0.249293	0.250664	0.251263	0.252633	0.252719	0.252719	0.255117	0.254346	0.254346	0.255031	0.254346	0.254946	0.253575
